[1,["54ISXHAMxAO6a3I7PTOrP3@4c7a2","54ISXHAMxAO6a3I7PTOrP3@76dc1","54ISXHAMxAO6a3I7PTOrP3@438fe","21oppxJ3pIr5gyCYPWm5QW@6c48a","a3zQCfCrBCDZJ4uf2rk5u8"],["_parent","node","root","data","_mesh","_skeleton","mainTexture","_effectAsset"],[["cc.Node",["_name","_prefab","_parent","_children","_lpos","_lrot","_euler","_components"],2,4,1,2,5,5,5,9],["cc.Prefab",["_name"],2],["cc.Node",["_name","_children","_prefab","_lpos","_lrot","_euler"],2,12,4,5,5,5],["cc.Node",["_name","_parent","_children","_prefab","_lpos","_lrot","_euler"],2,1,9,4,5,5,5],["cc.SkeletalAnimation",["node","__prefab"],3,1,4],["cc.CompPrefabInfo",["fileId"],2],["cc.PrefabInfo",["fileId","instance","targetOverrides","nestedPrefabInstanceRoots","root","asset"],-1,1,1],["cc.SkinnedMeshRenderer",["node","__prefab","_materials","bakeSettings","_skinningRoot","_mesh","_skeleton"],3,1,4,3,4,1,6,6],["cc.ModelBakeSettings",[],3],["cc.Skeleton",["_name","_hash","_joints","_bindposes"],0,12],["cc.Material",["_states","_defines","_props"],1,12],["cc.Mesh",["_native","_hash","_struct"],1,11]],[[6,0,1,2,3,4,5,5],[0,0,2,3,1,4,5,6,2],[0,0,2,1,4,2],[3,0,1,2,3,4,5,6,2],[0,0,2,1,4,5,6,2],[0,0,3,1,4,5,6,2],[2,0,1,2,3,4,5,2],[0,0,2,3,1,2],[5,0,2],[1,0,2],[0,0,3,7,1,2],[0,0,2,3,1,5,6,2],[0,0,2,7,1,2],[4,0,1,1],[7,0,1,2,3,4,5,6,1],[8,1],[9,0,1,2,3,4],[10,0,1,2,3],[11,0,1,2,3]],[[[[9,"Customer_04_rig"],[10,"Customer_04_rig",[-3,-4],[[13,-2,[8,"4au3gLkhFX35tSw9aDwNUw"]]],[0,"4d2Ci9so1es4SDO2E2UoJc",null,null,null,-1,0]],[6,"Head_M",[[[4,"HeadEnd_M",-5,[0,"deUaMI5FBbya6rDNJGJ9VQ",null,null,null,1,0],[1,0.19576674699783325,0.1007494330406189,-2.2737367036103438e-15],[3,1.5903021700228174e-15,2.212932492214764e-15,0.23541500192643383,0.9718949412709057],[1,1.3205294870818083e-13,2.289302368804074e-13,27.232173943435235]],-6,-7,-8,-9],4,1,1,1,1],[0,"a8NfsmQG5fFaWBsEm/HsZH",null,null,null,1,0],[1,0.17173902690410614,-5.9604643443123e-10,-3.970467098026714e-24],[3,4.2609606802155325e-16,1.7244957992702156e-15,-0.2398707616457376,0.9708048298744161],[1,1.071312290979132e-13,2.300259586894453e-13,-27.75782547758699]],[5,"Chest_M",[-10,-11,-12],[0,"38sF041b5fx4/4FND/lS5y",null,null,null,1,0],[1,0.0997583195567131,0,2.8421708795129297e-16],[3,1.1796009553173514e-15,5.086214072276621e-18,0.004311767418025149,0.9999907042876613],[1,1.3517356903227933e-13,2.0935338651982197e-22,0.4940936815749154]],[5,"Wrist_R",[-13,-14],[0,"7eBuVSIYdZ057Xafjcsa6A",null,null,null,1,0],[1,0.060366496443748474,-9.53674295089968e-9,1.907348590179936e-8],[3,0.09531784672235247,0.0077755096235755895,0.08036915847944595,0.9921667440060736],[1,10.974665576413084,0.006268180068414047,9.26270964365329]],[6,"MiddleFinger2_R",[[-15,[4,"Dish_R",-16,[0,"33hdEvFIRRWaEbt1WnyOW8",null,null,null,1,0],[1,0.01587957888841629,-0.012411627918481827,-0.028857041150331497],[3,-0.30686474437765615,0.44315687675903326,0.6480574136683698,0.5380219324792238],[1,-91.79121249034061,104.90140317056587,25.173437214698797]]],1,4],[0,"766ACBqKJf46SoyIuR4FhF",null,null,null,1,0],[1,0.0435689352452755,2.3841858265427618e-8,0],[3,0.009631295786188524,0.19797209106121694,-0.07734958905989775,0.9771035412762524],[1,2.8656010801935183,23.119746056434995,-8.473018957009577]],[5,"Wrist_L",[-17,-18],[0,"daC6bjUvxbXZTm1vb/vx5L",null,null,null,1,0],[1,-0.06036648899316788,-9.53674295089968e-9,3.814697180359872e-8],[3,0.09531783947928597,0.007775552015680109,0.08036913630267403,0.9921667461660942],[1,10.974664302771465,0.006273378398723311,9.262707571744777]],[6,"MiddleFinger2_L",[[-19,[4,"Dish_L",-20,[0,"9cz06VRFpagYC58YGYA+qy",null,null,null,1,0],[1,-0.015879569575190544,0.01241161860525608,0.028857002034783363],[3,-0.30686474437765615,0.44315687675903326,0.6480574136683698,0.5380219324792238],[1,-91.79121249034061,104.90140317056587,25.173437214698797]]],1,4],[0,"3ft0P3YKRXupqZkf9cHi9+",null,null,null,1,0],[1,-0.0435689352452755,-4.76837147544984e-9,0],[3,0.009631301316780728,0.1979721196848438,-0.07734958859937009,0.9771035354587269],[1,2.8656019448515306,23.119749471208618,-8.473018693952296]],[11,"Customer_04",1,[-21],[0,"b9B65yCfRUoLFSoU463g0v",null,null,null,1,0],[3,-0.7071067811865476,0,0,0.7071067811865476],[1,-90.00000000000003,0,0]],[12,"Customer_02",8,[[14,-22,[8,"3eKNdN84JYB7nqeZz8pKMu"],[0],[15],1,1,2]],[0,"begNi0ThhXjYNyjrtWD22N",null,null,null,1,0]],[7,"Group",1,[-23],[0,"b4O7kD/i9R376h0tfqH7Da",null,null,null,1,0]],[7,"DeformationSystem",10,[-24],[0,"78+RS4JF5auZzKqvX+FzLu",null,null,null,1,0]],[1,"Root_M",11,[-25],[0,"51FJjdF5peKaQ7zFNkEbeY",null,null,null,1,0],[1,1.8857616927453146e-17,0.03898351266980171,0.008451921865344048],[3,0.5004414902317774,0.499558149398628,0.5004414902317774,0.4995580897939834],[1,0,90.10123024959206,90]],[1,"Spine1_M",12,[3],[0,"b8vftX93Ra26PscwvfjwaC",null,null,null,1,0],[1,0.09201870113611221,5.9604643443123e-10,-2.8421708795129297e-16],[3,-4.281632753746115e-16,1.7802627428162186e-15,-0.008955484370529928,0.9999598988457933],[1,-4.724256107406352e-14,2.035881672786746e-13,-1.0262366336479813]],[1,"Neck_M",3,[2],[0,"74cNG/cC1bfZ934smxXgoZ",null,null,null,1,0],[1,0.08875507116317749,5.9604643443123e-10,-7.940933703015362e-25],[3,7.900554448906511e-16,1.7830139321045656e-15,0.00834752921609963,0.9999651587710374],[1,8.883735807286033e-14,2.0358386691536017e-13,0.9565674962441707]],[3,"Head1_M",2,[[2,"Hat_M",-26,[0,"13/Q1+61xccYygUgUFiR13",null,null,null,1,0],[1,0.1634851098060608,-5.7220457705398076e-8,-4.5474734072206875e-15]]],[0,"89W4ItczRcGZMyB6Nj81bG",null,null,null,1,0],[1,0.31326577067375183,-3.814697180359872e-8,-4.5474734072206875e-15],[3,8.71650856144309e-16,1.7845250062652354e-15,0.009282676588352308,0.9999569150295207],[1,9.799818718875406e-14,2.0359058880570006e-13,1.0637316591878958]],[1,"Hair_1_M",2,[-27],[0,"54VkagJmBavI2hGltVizWW",null,null,null,1,0],[1,0.23638397455215454,-0.14668390154838562,-4.5474734072206875e-15],[3,6.02580188176943e-16,2.4388079528702963e-15,-0.8560746859716593,0.5168521375001993],[1,179.9999999999994,179.99999999999957,-62.24266996058389]],[1,"Hair_2_M",16,[-28],[0,"5ev6TdcB1VRJpouv3ieya8",null,null,null,1,0],[1,0.14006267488002777,0,2.2737367036103438e-15],[3,-8.780597842788479e-16,-1.5600504950064701e-15,-0.3786092189483761,0.925556621351336],[1,-2.254437735592623e-13,-2.853674246538811e-13,-44.4951221094977]],[3,"Hair_3_M",17,[[2,"Hair_4_M",-29,[0,"37NwNMXv9dlYzSzzQT/oyU",null,null,null,1,0],[1,0.0995442196726799,-1.776356799695581e-17,3.4106050554155156e-15]]],[0,"b00JCZE7BRFKAwHs4pJLOV",null,null,null,1,0],[1,0.1579723358154297,0,-3.4106050554155156e-15],[3,2.1250386318656874e-15,3.355805270301506e-15,-0.10068604560714269,0.9949182480083458],[1,2.8680766589073887e-13,4.155361390426066e-13,-11.55735478233338]],[1,"Hair_1_R",2,[-30],[0,"27NmoaeBdc8oNtgFQgAEjJ",null,null,null,1,0],[1,-0.026567459106445312,0.040494538843631744,-0.17725883424282074],[3,2.7252138953028634e-8,0.3874187260914503,0.9073043675111649,-0.16341822226680192],[1,-132.59772383997705,-172.38093038602082,-17.249912258053246]],[3,"Hair_2_R",19,[[2,"Hair_3_R",-31,[0,"b5xAMo6nFSNJ98Pniu7t7k",null,null,null,1,0],[1,0.06448537856340408,0,9.53674295089968e-9]]],[0,"41dkHbCGRVxLs6A8RPTt9D",null,null,null,1,0],[1,0.11305130273103714,0,-4.76837147544984e-9],[3,9.511467823565628e-9,0.03854935521398047,-0.03706167919634781,0.9985691659307998],[1,0.1641690349977703,4.4276487681836505,-4.244760764994421]],[1,"Hair_1_L",2,[-32],[0,"ca3jrTnLpaD5ANUOIYf15p",null,null,null,1,0],[1,-0.026567421853542328,0.04049455747008324,0.17725883424282074],[3,0.38741889241415717,4.2599168247153385e-8,0.16341832130596895,0.9073042786530464],[1,47.402298934765355,-7.619070387424888,17.24992454480643]],[3,"Hair_2_L",21,[[2,"Hair_3_L",-33,[0,"23TOZr7GpTHaiTnItPErYs",null,null,null,1,0],[1,-0.06448547542095184,0,-9.53674295089968e-9]]],[0,"3eXo1UXnVSW6kC4n9MxIJp",null,null,null,1,0],[1,-0.11305133998394012,-1.907348590179936e-8,-4.76837147544984e-9],[3,4.147392942613731e-7,0.03854934778511337,-0.03706167176664276,0.998569166493254],[1,0.16421546686774358,4.427649631407592,-4.24475811989874]],[1,"Scapula_R",3,[-34],[0,"66oiZnnvhefau0R/2goPBQ",null,null,null,1,0],[1,0.04487369582056999,-0.0038617635145783424,-0.14206834137439728],[3,0.011391547417069383,0.858988039748877,0.06282980689621173,0.5079982239941503],[1,-5.549361761260103,119.03258975830317,4.7843277182161295]],[1,"Shoulder_R",23,[-35],[0,"d4Hu2Vz7FRiabrjqXv0kf6",null,null,null,1,0],[1,0.031099194660782814,0,0],[3,-0.12560814614161872,0.008572641756764973,0.07776045051162338,0.988990604491471],[1,-14.637739790107378,2.115739689348809,8.722855531240642]],[1,"Elbow_R",24,[4],[0,"3c1mCeQXZQELBmyClR0jBn",null,null,null,1,0],[1,0.05031489208340645,-1.907348590179936e-8,-1.907348590179936e-8],[3,-6.3968412454489184e-9,-1.5382983695239032e-8,0.06950595938575885,0.9975815363216508],[1,-6.146679060757308e-7,-0.0000017242069334385615,7.971223322322092]],[1,"MiddleFinger1_R",4,[5],[0,"959DrkvDBY3ZIOmShqtfcQ",null,null,null,1,0],[1,0.078118234872818,-8.881783998477905e-18,-1.907348590179936e-8],[3,-0.012094064663870408,0.16822785206134755,-0.017713651131659677,0.9855147639453798],[1,-1.0251621127145703,19.35410685998751,-2.23414160667441]],[3,"MiddleFinger3_R",5,[[2,"MiddleFinger4_R",-36,[0,"82Tb1TLwpR9Kq+AxRsIh8T",null,null,null,1,0],[1,0.028289474546909332,1.1920929132713809e-8,7.105427198782324e-17]]],[0,"662GBNlJJaTLtv42B9jzz/",null,null,null,1,0],[1,0.03767508640885353,1.776356799695581e-17,7.629394360719743e-8],[3,0.1198697546590331,0.031016996373747708,-0.02751863769429929,0.9919233399983005],[1,13.873382492159237,3.910960844119994,-2.702885633004692]],[1,"ThumbFinger1_R",4,[-37],[0,"c3xD+Nck9Ub7DSJZaRrUc4",null,null,null,1,0],[1,0.03907330334186554,0.0670066550374031,-0.016757164150476456],[3,-0.3953025920784827,0.1443193548928959,0.3955296559718185,0.8163725104057252],[1,-63.75034951274097,40.34940987046895,32.12035163156639]],[3,"ThumbFinger2_R",28,[[2,"ThumbFinger3_R",-38,[0,"0fWQvEb6dSL5oxvq5eOAZ3",null,null,null,1,0],[1,0.04348180815577507,-1.907348590179936e-8,3.552713599391162e-17]]],[0,"6d5Inf5yVZqYchuNstUvAV",null,null,null,1,0],[1,0.042283784598112106,1.907348590179936e-8,0],[3,0.020421048653106517,0.08024311821263884,0.043346013930707646,0.9956229938223299],[1,1.939430485481969,9.128628681166548,5.140013264146068]],[1,"Scapula_L",3,[-39],[0,"f3if4l1mlZHIqPjMuZB4UG",null,null,null,1,0],[1,0.044873714447021484,-0.003861763281747699,0.14206834137439728],[3,0.8589880389731279,-0.011391585591006935,-0.5079982235353789,0.0628298142900509],[1,174.45063971631072,60.96741009974244,-4.784331916507703]],[1,"Shoulder_L",30,[-40],[0,"0adk423m1dpZ0JxNJk+QMX",null,null,null,1,0],[1,-0.03109920583665371,-4.440891999238953e-18,-1.907348590179936e-8],[3,-0.12560819007605004,0.008572633322374757,0.0777604574861056,0.9889905984362494],[1,-14.637744866915725,2.115739218253952,8.722856355478365]],[1,"Elbow_L",31,[6],[0,"06c/1VmDBSOJGOEW3oBNzb",null,null,null,1,0],[1,-0.05031489208340645,9.53674295089968e-9,0],[3,-6.3968416928507914e-9,-1.5382985479562087e-8,0.06950595197117261,0.9975815368382579],[1,-6.146679556693577e-7,-0.0000017242071386228712,7.971222470613268]],[1,"MiddleFinger1_L",6,[7],[0,"12IvGm4idVqK5Cg0zfbjNp",null,null,null,1,0],[1,-0.07811828702688217,2.3841858265427618e-8,1.907348590179936e-8],[3,-0.01209407309720152,0.1682278229743841,-0.017713688459887137,0.9855147681361071],[1,-1.0251624136704884,19.354103448015003,-2.234145956288871]],[3,"MiddleFinger3_L",7,[[2,"MiddleFinger4_L",-41,[0,"778Ok04kBXsqyC7TiDCa7X",null,null,null,1,0],[1,-0.028289470821619034,-7.1525572131747595e-9,7.629394360719743e-8]]],[0,"ffC8VxO2dVXL84f2bqOimd",null,null,null,1,0],[1,-0.037675075232982635,9.53674295089968e-9,7.105427198782324e-17],[3,0.11986973263382096,0.031016998320884386,-0.027518634043970796,0.9919233427003383],[1,13.87337993762486,3.9109609546891906,-2.7028852777496115]],[1,"ThumbFinger1_L",6,[-42],[0,"92wz9cO0Jd4KTXdnV24z0v",null,null,null,1,0],[1,-0.03907329589128494,-0.06700662523508072,0.016757182776927948],[3,-0.3953025920784827,0.1443193548928959,0.3955296559718185,0.8163725104057252],[1,-63.75034951274097,40.34940987046895,32.12035163156639]],[3,"ThumbFinger2_L",35,[[2,"ThumbFinger3_L",-43,[0,"1a5NPwIvpYg6qU1BR+qGl8",null,null,null,1,0],[1,-0.04348175972700119,-1.907348590179936e-8,0]]],[0,"c7rK0szxZfS5vtezgRPUl4",null,null,null,1,0],[1,-0.04228377342224121,-1.907348590179936e-8,0],[3,0.020421050514974913,0.08024311820958661,0.04334601392905889,0.9956229937844592],[1,1.9394306988750263,9.12862867130061,5.140013280950511]]],0,[0,2,1,0,1,1,0,-1,8,0,-2,10,0,0,2,0,-2,15,0,-3,16,0,-4,19,0,-5,21,0,-1,14,0,-2,23,0,-3,30,0,-1,26,0,-2,28,0,-1,27,0,0,5,0,-1,33,0,-2,35,0,-1,34,0,0,7,0,-1,9,0,1,9,0,-1,11,0,-1,12,0,-1,13,0,0,15,0,-1,17,0,-1,18,0,0,18,0,-1,20,0,0,20,0,-1,22,0,0,22,0,-1,24,0,-1,25,0,0,27,0,-1,29,0,0,29,0,-1,31,0,-1,32,0,0,34,0,-1,36,0,0,36,0,3,1,2,0,14,3,0,13,4,0,25,5,0,26,6,0,32,7,0,33,43],[0,0,0],[-1,4,5],[0,1,2]],[[[16,"Skin-0",111943543,["Group/DeformationSystem/Root_M/Spine1_M/Chest_M/Neck_M/Head_M","Group/DeformationSystem/Root_M","Group/DeformationSystem/Root_M/Spine1_M","Group/DeformationSystem/Root_M/Spine1_M/Chest_M","Group/DeformationSystem/Root_M/Spine1_M/Chest_M/Neck_M","Group/DeformationSystem/Root_M/Spine1_M/Chest_M/Scapula_L/Shoulder_L","Group/DeformationSystem/Root_M/Spine1_M/Chest_M/Scapula_L/Shoulder_L/Elbow_L","Group/DeformationSystem/Root_M/Spine1_M/Chest_M/Scapula_L/Shoulder_L/Elbow_L/Wrist_L","Group/DeformationSystem/Root_M/Spine1_M/Chest_M/Scapula_L/Shoulder_L/Elbow_L/Wrist_L/MiddleFinger1_L/MiddleFinger2_L/Dish_L","Group/DeformationSystem/Root_M/Spine1_M/Chest_M/Scapula_R/Shoulder_R","Group/DeformationSystem/Root_M/Spine1_M/Chest_M/Scapula_R/Shoulder_R/Elbow_R","Group/DeformationSystem/Root_M/Spine1_M/Chest_M/Scapula_R/Shoulder_R/Elbow_R/Wrist_R","Group/DeformationSystem/Root_M/Spine1_M/Chest_M/Scapula_R/Shoulder_R/Elbow_R/Wrist_R/MiddleFinger1_R/MiddleFinger2_R/Dish_R","Group/DeformationSystem/Root_M/Spine1_M/Chest_M/Scapula_L/Shoulder_L/Elbow_L/Wrist_L/MiddleFinger1_L","Group/DeformationSystem/Root_M/Spine1_M/Chest_M/Scapula_L/Shoulder_L/Elbow_L/Wrist_L/MiddleFinger1_L/MiddleFinger2_L","Group/DeformationSystem/Root_M/Spine1_M/Chest_M/Scapula_L/Shoulder_L/Elbow_L/Wrist_L/MiddleFinger1_L/MiddleFinger2_L/MiddleFinger3_L","Group/DeformationSystem/Root_M/Spine1_M/Chest_M/Scapula_L/Shoulder_L/Elbow_L/Wrist_L/MiddleFinger1_L/MiddleFinger2_L/MiddleFinger3_L/MiddleFinger4_L","Group/DeformationSystem/Root_M/Spine1_M/Chest_M/Scapula_L/Shoulder_L/Elbow_L/Wrist_L/ThumbFinger1_L","Group/DeformationSystem/Root_M/Spine1_M/Chest_M/Scapula_L/Shoulder_L/Elbow_L/Wrist_L/ThumbFinger1_L/ThumbFinger2_L","Group/DeformationSystem/Root_M/Spine1_M/Chest_M/Scapula_R/Shoulder_R/Elbow_R/Wrist_R/MiddleFinger1_R","Group/DeformationSystem/Root_M/Spine1_M/Chest_M/Scapula_R/Shoulder_R/Elbow_R/Wrist_R/MiddleFinger1_R/MiddleFinger2_R","Group/DeformationSystem/Root_M/Spine1_M/Chest_M/Scapula_R/Shoulder_R/Elbow_R/Wrist_R/MiddleFinger1_R/MiddleFinger2_R/MiddleFinger3_R","Group/DeformationSystem/Root_M/Spine1_M/Chest_M/Scapula_R/Shoulder_R/Elbow_R/Wrist_R/MiddleFinger1_R/MiddleFinger2_R/MiddleFinger3_R/MiddleFinger4_R","Group/DeformationSystem/Root_M/Spine1_M/Chest_M/Scapula_R/Shoulder_R/Elbow_R/Wrist_R/ThumbFinger1_R","Group/DeformationSystem/Root_M/Spine1_M/Chest_M/Scapula_R/Shoulder_R/Elbow_R/Wrist_R/ThumbFinger1_R/ThumbFinger2_R","Group/DeformationSystem/Root_M/Spine1_M/Chest_M/Scapula_R/Shoulder_R/Elbow_R/Wrist_R/ThumbFinger1_R/ThumbFinger2_R/ThumbFinger3_R","Group/DeformationSystem/Root_M/Spine1_M/Chest_M/Scapula_L/Shoulder_L/Elbow_L/Wrist_L/ThumbFinger1_L/ThumbFinger2_L/ThumbFinger3_L","Group/DeformationSystem/Root_M/Spine1_M/Chest_M/Neck_M/Head_M/Head1_M","Group/DeformationSystem/Root_M/Spine1_M/Chest_M/Neck_M/Head_M/Hair_1_L","Group/DeformationSystem/Root_M/Spine1_M/Chest_M/Neck_M/Head_M/Hair_1_L/Hair_2_L","Group/DeformationSystem/Root_M/Spine1_M/Chest_M/Neck_M/Head_M/Hair_1_R","Group/DeformationSystem/Root_M/Spine1_M/Chest_M/Neck_M/Head_M/Hair_1_R/Hair_2_R"],[[[7,-5.893724974725956e-8,1.8828792747171974e-8,1,0,0.45759716629981995,-0.889159619808197,4.371132078517803e-8,0,0.889159619808197,0.45759716629981995,4.378862072940137e-8,0,-0.4331628382205963,-0.23182140290737152,-1.3375909269086605e-9,1],[7,-4.371132078517803e-8,4.378851770070469e-8,1,0,-0.0017668710788711905,-0.9999984502792358,4.3711217756481346e-8,0,0.9999984502792358,-0.0017668710788711905,4.378862072940137e-8,0,-0.038998380303382874,-0.008383036591112614,-1.3375900387302408e-9,1],[7,-4.448857282568497e-8,4.2998816951467234e-8,1,0,0.01614363305270672,-0.9998696446418762,4.371142026116104e-8,0,0.9998696446418762,0.01614363305270672,4.378862072940137e-8,0,-0.13084591925144196,-0.010728240013122559,-1.3375882623734014e-9,1],[7,-4.411612053445424e-8,4.3380854464203367e-8,1,0,0.007520701270550489,-0.9999716877937317,4.371141315573368e-8,0,0.9999716877937317,0.007520701270550489,4.378862072940137e-8,0,-0.2306881695985794,-0.008739235810935497,-1.337588151351099e-9,1],[7,-4.338575720908011e-8,4.4110979757761015e-8,1,0,-0.009174350649118423,-0.9999579191207886,4.371108985878891e-8,0,0.9999579191207886,-0.009174350649118423,4.378862072940137e-8,0,-0.31954461336135864,-0.0034050813410431147,-1.3375902607748458e-9,1],[7,-0.82513827085495,0.36780989170074463,-0.4287918210029602,0,0.2331628054380417,0.9130809307098389,0.3345414102077484,0,0.5145694613456726,0.1760646551847458,-0.8391775488853455,0,0.006787964142858982,-0.1030651330947876,0.2930455207824707,1],[7,-0.7661594152450562,0.4786826968193054,-0.4287917912006378,0,0.3575321435928345,0.8719245791435242,0.3345414102077484,0,0.5340135097503662,0.10300523042678833,-0.8391775488853455,0,0.04225851222872734,-0.10998808592557907,0.2930455207824707,1],[7,-0.6790732741355896,0.5032129287719727,-0.5344491600990295,0,0.4931802451610565,0.8520221710205078,0.17558817565441132,0,0.5437207818031311,-0.1443425714969635,-0.8267602920532227,0,0.0835513174533844,-0.06698945164680481,0.31150689721107483,1],[7,0.9999998807907104,-4.470345160711986e-8,5.960462701182223e-8,0,-5.960463056453591e-8,2.0116556243010564e-7,0.9999996423721313,0,-4.470347292340193e-8,-0.9999996423721313,2.0116556243010564e-7,0,-0.3147542178630829,0.10337409377098083,0.07157094776630402,1],[7,-0.8251383900642395,0.367809921503067,-0.4287918508052826,0,-0.23316283524036407,-0.9130809903144836,-0.3345414102077484,0,-0.5145695805549622,-0.17606467008590698,0.8391774892807007,0,-0.0067879739217460155,0.1030651181936264,-0.2930454909801483,1],[7,-0.7661594152450562,0.4786827564239502,-0.4287918210029602,0,-0.35753217339515686,-0.871924638748169,-0.3345414400100708,0,-0.5340136289596558,-0.10300523787736893,0.8391774892807007,0,-0.042258504778146744,0.10998810082674026,-0.2930454611778259,1],[7,-0.6790733933448792,0.5032129287719727,-0.5344491600990295,0,-0.49318042397499084,-0.8520220518112183,-0.1755882203578949,0,-0.5437209606170654,0.1443425565958023,0.8267602324485779,0,-0.08355133980512619,0.0669894739985466,-0.31150686740875244,1],[7,1.000000238418579,-7.450579886381092e-8,2.980233304583635e-8,0,2.980233304583635e-8,-1.7136329688582919e-7,-0.9999997615814209,0,7.450582728552035e-8,0.9999998807907104,-1.7136326846411976e-7,0,0.3147542178630829,-0.10337412357330322,-0.07157093286514282,1],[7,-0.4828428328037262,0.4977291524410248,-0.7205054759979248,0,0.3735947906970978,0.8612183928489685,0.34457165002822876,0,0.7920157313346863,-0.10280320048332214,-0.6017823219299316,0,0.05187230184674263,-0.07122325897216797,0.34626251459121704,1],[7,-0.2327328473329544,0.4253600537776947,-0.874587893486023,0,0.07912414520978928,0.9045817255973816,0.41889241337776184,0,0.9693163633346558,0.028289005160331726,-0.24418221414089203,0,-0.03716512769460678,-0.05965479463338852,0.3593599498271942,1],[7,-0.19240523874759674,0.19156938791275024,-0.9624350070953369,0,0.007655689492821693,0.981022834777832,0.19373886287212372,0,0.9812854528427124,0.02990826778113842,-0.1902206391096115,0,-0.021161973476409912,0.027024874463677406,0.3626573383808136,1],[7,-0.19240523874759674,0.19156938791275024,-0.9624350070953369,0,0.007655689492821693,0.981022834777832,0.19373886287212372,0,0.9812854528427124,0.02990826778113842,-0.1902206391096115,0,0.007127505261451006,0.027024876326322556,0.3626573085784912,1],[7,0.12230788171291351,0.9884558320045471,0.08941839635372162,0,0.6750632524490356,-0.1488962322473526,0.722578227519989,0,0.7275506854057312,-0.028013940900564194,-0.6854814887046814,0,-0.08246634900569916,-0.249765545129776,0.18091626465320587,1],[7,0.1946995109319687,0.9780190587043762,0.07463384419679642,0,0.5363165140151978,-0.16985753178596497,0.8267484307289124,0,0.8212530016899109,-0.12094012647867203,-0.5575991868972778,0,-0.09047776460647583,-0.23666684329509735,0.1803627461194992,1],[7,-0.4828428626060486,0.4977293014526367,-0.7205055952072144,0,-0.3735949695110321,-0.861218273639679,-0.34457188844680786,0,-0.7920160889625549,0.10280319303274155,0.6017823219299316,0,-0.051872238516807556,0.07122331857681274,-0.34626248478889465,1],[7,-0.23273272812366486,0.4253599941730499,-0.874588131904602,0,-0.07912413775920868,-0.9045817852020264,-0.41889244318008423,0,-0.9693165421485901,-0.0282889436930418,0.24418213963508606,0,0.037165213376283646,0.059654757380485535,-0.3593599498271942,1],[7,-0.19240513443946838,0.19156914949417114,-0.9624351859092712,0,-0.007655668538063765,-0.9810230731964111,-0.19373860955238342,0,-0.981285572052002,-0.02990821562707424,0.19022054970264435,0,0.021162046119570732,-0.02702498994767666,-0.3626573383808136,1],[7,-0.19240513443946838,0.19156914949417114,-0.9624351859092712,0,-0.007655668538063765,-0.9810230731964111,-0.19373860955238342,0,-0.981285572052002,-0.02990821562707424,0.19022054970264435,0,-0.0071274335496127605,-0.027025004848837852,-0.3626573383808136,1],[7,0.12230811268091202,0.9884560108184814,0.08941872417926788,0,-0.6750633716583252,0.14889664947986603,-0.7225781083106995,0,-0.727550745010376,0.028013864532113075,0.685481607913971,0,0.08246637880802155,0.24976563453674316,-0.1809161752462387,1],[7,0.1946997493505478,0.9780195355415344,0.07463421672582626,0,-0.5363165736198425,0.16985805332660675,-0.826748251914978,0,-0.8212530612945557,0.12094013392925262,0.5575992465019226,0,0.09047780185937881,0.23666702210903168,-0.18036262691020966,1],[7,0.1946997493505478,0.9780194163322449,0.07463421672582626,0,-0.5363165736198425,0.16985803842544556,-0.826748251914978,0,-0.8212530612945557,0.12094011902809143,0.5575992465019226,0,0.04699601233005524,0.23666700720787048,-0.18036262691020966,1],[7,0.19469952583312988,0.978019118309021,0.07463385909795761,0,0.5363165140151978,-0.16985754668712616,0.8267484903335571,0,0.8212530612945557,-0.12094013392925262,-0.5575991868972778,0,-0.04699601233005524,-0.23666684329509735,0.1803627461194992,1],[7,-5.857755169813572e-8,1.9919697891168653e-8,1,0,0.4410114586353302,-0.8975015878677368,4.371132433789171e-8,0,0.8975015878677368,0.4410114586353302,4.378862072940137e-8,0,-0.7506036162376404,-0.2179243266582489,-1.3375843765928153e-9,1],[7,0.12662257254123688,0.7030135989189148,0.699813187122345,0,0.16948473453521729,-0.7104506492614746,0.6830334663391113,0,0.9773646593093872,0.03212019428610802,-0.20910915732383728,0,-0.4880763590335846,-0.18006907403469086,0.015909511595964432,1],[7,0.019985713064670563,0.7084555625915527,0.7054722905158997,0,0.16851533949375153,-0.6979052424430847,0.696082353591919,0,0.9854962825775146,0.10497123003005981,-0.13333375751972198,0,-0.36077675223350525,-0.20737820863723755,-0.012495633214712143,1],[7,0.12662261724472046,0.7030131220817566,0.6998136639595032,0,-0.16948488354682922,0.7104508876800537,-0.6830331683158875,0,-0.9773643016815186,-0.032120395451784134,0.209109365940094,0,0.4880761206150055,0.18006914854049683,-0.015909485518932343,1],[7,0.019985821098089218,0.7084542512893677,0.7054737210273743,0,-0.16851559281349182,0.6979063153266907,-0.6960813999176025,0,-0.9854960441589355,-0.10497155785560608,0.13333390653133392,0,0.36077654361724854,0.20737823843955994,0.012495907954871655,1]],8,8,8,8,8,8,8,8,8,8,8,8,8,8,8,8,8,8,8,8,8,8,8,8,8,8,8,8,8,8,8,8]]],0,0,[],[],[]],[[[17,[{"rasterizerState":{},"depthStencilState":{},"blendState":{"targets":[{}]}},{"rasterizerState":{},"depthStencilState":{},"blendState":{"targets":[{}]}},{"rasterizerState":{},"depthStencilState":{},"blendState":{"targets":[{}]}}],[{"USE_TEXTURE":true},{},{}],[[[{},"mainColor",8,[4,4293388263],"mainTexture",6,0],{},{}],11,0,0]]],0,0,[0,0],[6,7],[3,4]],[[[18,".bin",4116591273,[{"primitives":[{"primitiveMode":7,"jointMapIndex":0,"vertexBundelIndices":[0],"indexView":{"offset":210456,"length":20460,"count":10230,"stride":2}}],"vertexBundles":[{"view":{"offset":0,"length":210456,"count":2923,"stride":72},"attributes":[{"name":"a_position","format":32,"isNormalized":false},{"name":"a_normal","format":32,"isNormalized":false},{"name":"a_texCoord","format":21,"isNormalized":false},{"name":"a_tangent","format":44,"isNormalized":false},{"name":"a_joints","format":42,"isNormalized":false},{"name":"a_weights","format":44,"isNormalized":false}]}],"jointMaps":[[0,1,2,3,4,5,6,7,9,10,11,14,15,16,17,18,20,21,22,23,24,25,27,28,29,30,31]]},"minPosition",8,[1,-0.38133639097213745,-0.21284514665603638,-0.008862581104040146],"maxPosition",8,[1,0.38133639097213745,0.29021021723747253,0.7392646670341492]]],-1],0,0,[],[],[]]]]
